0.14709975,4.1874394,6.766588
0.2941995,4.256086,7.305954
0.40207264,4.3149257,7.7178335
0.4314926,4.3345394,7.8257065
0.44129923,4.3345394,7.835513
0.46091253,4.452219,7.5118937
0.4707192,4.4718323,7.4628606
0.4707192,4.4718323,7.4628606
0.42168593,4.6091256,7.5511203
0.4118793,4.628739,7.5707335
0.40207264,4.6385455,7.58054
0.2745862,4.530672,7.453054
0.2157463,4.481639,7.394214
0.16671304,4.4326057,7.3451805
0.14709975,4.422799,7.3255672
0.2941995,4.4718323,7.256921
0.40207264,4.501252,7.2078876
0.4314926,4.511059,7.1882744
0.44129923,4.511059,7.1882744
0.6766588,4.403186,7.3255672
0.71588546,4.393379,7.354987
0.74530536,4.373766,7.364794
1.2846711,4.628739,7.364794
1.372931,4.6679654,7.364794
1.4415776,4.6973853,7.364794
1.4513842,4.6973853,7.364794
1.4611908,4.422799,7.2667274
1.4611908,4.3541527,7.2373075
1.4611908,4.344346,7.227501
1.4808041,4.285506,7.2863407
1.4906107,4.275699,7.305954
1.4906107,4.2658925,7.305954
1.5886773,4.3541527,7.4628606
1.6671305,4.4129925,7.58054
1.6867437,4.422799,7.6001534
1.6965504,4.4326057,7.60996
1.6082906,4.3149257,7.453054
1.5494506,4.2364726,7.335374
1.539644,4.2168593,7.305954
1.3238977,4.1874394,7.3451805
1.1669914,4.177633,7.3746004
1.147378,4.167826,7.384407
1.1277647,4.167826,7.384407
1.0002782,4.226666,7.5413136
0.98066497,4.2364726,7.5707335
0.97085834,4.2462792,7.590347
0.35303938,4.001113,7.2863407
0.24516624,3.9618864,7.2373075
0.17651969,3.9324665,7.198081
0.1569064,3.9324665,7.198081
0.18632634,4.0109196,7.168661
0.19613299,4.030533,7.1588545
0.19613299,4.0403395,7.1588545
0.049033247,4.2462792,7.708027
0.0196133,4.275699,7.806093
0.00980665,4.305119,7.8747396
-0.088259846,4.226666,7.835513
-0.1372931,4.177633,7.806093
-0.17651969,4.148213,7.7962866
-0.17651969,4.148213,7.78648
-0.69627213,3.9618864,7.7178335
-0.8237586,3.9226599,7.708027
-0.84337187,3.9128532,7.6982203
-0.88259846,3.7559469,7.75706
-0.9022118,3.6480737,7.7962866
-0.9120184,3.6284604,7.7962866
-0.9120184,3.6088471,7.806093
-1.1571847,3.5990405,7.502087
-1.2062179,3.5892339,7.453054
-1.2356379,3.5892339,7.4138274
-1.4513842,3.5696206,7.4138274
-1.4906107,3.559814,7.4138274
-1.5200307,3.550007,7.4138274
-1.5298374,3.550007,7.4138274
-1.8926834,3.1871612,7.4922805
-1.8926834,3.1871612,7.4922805
-2.010363,3.0694814,7.5118937
-1.5200307,3.108708,7.305954
-1.147378,3.1479347,7.149048
-1.0493115,3.1577413,7.109821
-0.6864655,3.1479347,6.8450418
-0.4118793,3.1479347,6.6489086
-0.34323275,3.1479347,6.5998755
-0.3334261,3.1479347,6.590069
-0.38245934,3.049868,5.8643765
-0.39226598,3.0302548,5.746697
-0.40207264,3.0106416,5.658437
-0.088259846,2.853735,5.933023
-0.0392266,2.8341217,5.9722495
0.0,2.8145084,6.0114765
0.1372931,2.8145084,6.021283
0.20593965,2.8145084,6.021283
0.2549729,2.8145084,6.021283
0.7256921,3.167548,6.3252892
0.951245,3.3538742,6.4723887
1.1179581,3.4813607,6.590069
1.147378,3.5107806,6.609682
1.0296983,3.5402005,7.031368
0.93163174,3.559814,7.335374
0.92182505,3.5696206,7.384407
0.9022118,3.5696206,7.423634
0.8531785,3.275421,7.923773
0.8041453,3.0596747,8.296426
0.8041453,3.0302548,8.365072
0.6668522,2.6379888,8.13952
0.56878567,2.353596,7.943386
0.5491724,2.2849493,7.9041595
0.5393657,2.2751427,7.894353
0.71588546,2.4712758,8.188553
0.7649187,2.520309,8.257199
0.7649187,2.5301156,8.276813
0.9610517,1.8730701,8.345459
0.9904716,1.7651969,8.355266
1.0100849,1.6867437,8.365072
0.75511205,1.7259704,9.247671
0.61781895,1.7553903,9.68897
0.51975244,1.7750036,10.022396
0.5099458,1.7848103,10.071429
0.6766588,1.6573238,10.787314
0.7649187,1.5984839,11.120741
0.84337187,1.5494506,11.4247465
0.5001391,1.176798,11.522814
0.2549729,0.89240515,11.59146
0.20593965,0.8531785,11.6110735
0.17651969,0.8139519,11.62088
0.30400613,1.0493115,10.591182
0.39226598,1.2258313,9.826263
0.4118793,1.2748644,9.639936
0.32361946,1.0395049,9.18883
0.24516624,0.8727918,8.845598
0.2353596,0.84337187,8.796565
0.22555295,0.8237586,8.747532
-0.36284605,0.8041453,8.502365
-0.4707192,0.8041453,8.463139
-0.5393657,0.8041453,8.433719
-0.32361946,1.3925443,8.541592
-0.2941995,1.4906107,8.561205
-0.26477954,1.5690639,8.580818
-0.57859236,1.3925443,8.512172
-0.7354987,1.3042845,8.482752
-0.8531785,1.2356379,8.463139
-0.8727918,1.2258313,8.453332
-0.6472389,1.4415776,8.502365
-0.4707192,1.5984839,8.541592
-0.44129923,1.6279038,8.541592
-0.6668522,1.4415776,8.767145
-0.84337187,1.2846711,8.924051
-0.8727918,1.2650578,8.953471
-0.89240515,1.2454445,8.973084
-0.55897903,1.2062179,8.776952
-0.3138128,1.1866046,8.620045
-0.24516624,1.176798,8.580818
-0.2353596,1.176798,8.580818
0.2353596,1.3042845,8.757339
0.32361946,1.3238977,8.786758
0.36284605,1.3337044,8.796565
0.4118793,1.4513842,8.149326
0.4511059,1.539644,7.6589932
0.46091253,1.5592573,7.531507
0.46091253,1.5690639,7.5118937
1.0885382,1.6377105,7.8747396
1.2552512,1.6573238,7.963
1.2748644,1.6671305,7.9728065
1.3827376,1.8338435,7.9924197
1.4121575,1.8828768,8.002226
1.4219642,1.8828768,8.002226
1.8828768,2.1084297,7.8159
2.1084297,2.2163029,7.72764
2.2849493,2.294756,7.6589932
2.3143694,2.3143694,7.6491866
2.2457228,2.1966896,7.8747396
2.2261095,2.1672697,7.9335794
2.2163029,2.1574628,7.953193
1.539644,1.93191,8.119906
1.0198916,1.7651969,8.247393
0.9414384,1.735777,8.267006
0.78453195,2.0201697,8.306232
0.69627213,2.2359161,8.335652
0.6766588,2.2751427,8.345459
0.6668522,2.3045628,8.345459
0.57859236,2.6183755,10.591182
0.56878567,2.6772153,10.963835
0.5491724,2.7164419,11.2384205
0.5491724,2.7164419,11.287454
0.6864655,2.745862,11.287454
0.7256921,2.7556686,11.287454
0.7256921,2.7556686,11.287454
0.4314926,2.7066352,11.101128
0.28439283,2.687022,11.003061
0.17651969,2.6772153,10.924608
0.3138128,2.7654753,10.748088
0.40207264,2.8047018,10.659828
0.46091253,2.8439283,10.591182
0.4707192,2.8439283,10.581375
0.2353596,2.8929617,9.68897
0.17651969,2.9223816,9.463417
0.16671304,2.9223816,9.4241905
0.1176798,3.000835,8.649466
0.0784532,3.049868,8.080679
0.0784532,3.0596747,7.9924197
0.06864655,3.0694814,7.913966
0.5099458,3.275421,7.9041595
0.588399,3.304841,7.9041595
0.6374322,3.334261,7.9041595
0.40207264,3.4421341,7.404021
0.36284605,3.4617474,7.3255672
0.34323275,3.471554,7.276534
0.3334261,3.4813607,7.247114
0.2549729,4.393379,6.158576
0.2353596,4.5404787,5.982056
0.22555295,4.658159,5.8447633
-0.2549729,4.3541527,5.5897903
-0.5001391,4.1874394,5.4819174
-0.6864655,4.059953,5.393657
-0.7649187,3.86382,4.4718323
-0.78453195,3.7755601,4.0109196
-0.8041453,3.7069137,3.6774936
-0.8139519,3.697107,3.5892339
-0.35303938,4.1285996,3.9030466
-0.00980665,4.4620256,4.148213
0.049033247,4.511059,4.1874394
-0.0196133,4.932745,4.089373
-0.098066494,5.217138,4.001113
-0.1176798,5.266171,3.9815
-0.12748645,5.3053975,3.971693
-0.0784532,5.403464,5.0308113
-0.049033247,5.4721107,5.8153434
-0.0392266,5.491724,6.0114765
-0.0392266,5.5015306,6.050703
-0.049033247,5.64863,6.4723887
-0.049033247,5.6878567,6.580262
-0.049033247,5.6878567,6.5998755
-0.0392266,5.236751,6.590069
-0.0392266,5.119071,6.590069
-0.0392266,5.0994577,6.590069
-0.32361946,4.883712,5.8643765
-0.4707192,4.7758384,5.5015306
-0.56878567,4.707192,5.2269444
