-0.71588546,6.00167,3.334261
0.049033247,7.2667274,3.5794272
0.49033248,7.9335794,3.1871612
0.56878567,8.051259,3.1283212
0.61781895,8.129713,3.079288
0.7649187,8.325846,3.216581
0.79433864,8.365072,3.246001
0.8041453,8.3846855,3.2558076
0.8531785,8.4925585,3.275421
0.8727918,8.541592,3.275421
0.88259846,8.580818,3.2852278
0.89240515,8.590625,3.2852278
0.9120184,8.649466,2.9616082
0.92182505,8.659272,2.9027684
0.92182505,8.669079,2.8635418
1.0983448,8.786758,3.0400615
1.1866046,8.845598,3.1283212
1.2552512,8.884825,3.1969678
1.2650578,8.904438,3.2067745
1.0100849,8.669079,3.079288
0.9610517,8.629851,3.049868
0.93163174,8.600431,3.0400615
0.9610517,8.502365,2.9223816
0.98066497,8.433719,2.8439283
0.9904716,8.423912,2.824315
0.9904716,8.414105,2.8145084
1.0395049,8.472945,2.6379888
1.0493115,8.482752,2.608569
1.0591182,8.4925585,2.5889556
1.0591182,8.4925585,2.5791488
0.98066497,8.551398,2.5693421
0.97085834,8.561205,2.5693421
0.9610517,8.571012,2.5693421
0.9414384,8.796565,2.7066352
0.92182505,8.973084,2.8145084
0.9120184,9.002504,2.824315
1.0493115,9.208445,3.0302548
1.1081514,9.306511,3.1185145
1.1571847,9.384964,3.1969678
1.176798,9.394771,3.2067745
1.2552512,9.86549,3.2656143
1.3140911,10.208722,3.3146477
1.3238977,10.296982,3.3244543
1.3337044,10.316595,3.3244543
1.0493115,10.9442215,3.3636808
1.0100849,11.042288,3.3734875
0.97085834,11.120741,3.383294
2.0495899,11.748366,2.7850885
2.2359161,11.846433,2.687022
2.3634026,11.924886,2.6183755
2.3928225,11.944499,2.5987623
2.5791488,11.6503,1.7946169
2.6183755,11.601267,1.6573238
2.6379888,11.56204,1.5494506
2.5105023,11.777786,1.4611908
2.4516625,11.895466,1.4317709
2.4026291,11.973919,1.4023509
2.3830159,11.895466,1.147378
2.3732092,11.846433,1.0198916
2.3732092,11.807206,0.92182505
2.3732092,11.7973995,0.9022118
1.7455837,11.248227,0.02941995
1.2748644,10.836348,-0.6276256
1.1964113,10.767701,-0.7354987
1.1375713,10.718668,-0.8139519
0.37265268,10.493115,-1.4415776
0.24516624,10.463696,-1.539644
0.14709975,10.434276,-1.6180972
0.2157463,10.483309,-1.1179581
0.2549729,10.532342,-0.74530536
0.2745862,10.542149,-0.6472389
0.2745862,10.542149,-0.6374322
-0.14709975,8.757339,-1.6867437
-0.24516624,8.316039,-1.9515233
-0.26477954,8.247393,-2.0005565
-1.2454445,6.1389627,0.30400613
-1.4906107,5.6192102,0.88259846
-1.5298374,5.5309505,0.98066497
-2.0593965,4.0501466,-1.2552512
-2.441856,2.9812214,-2.9812214
-2.5006957,2.7948952,-3.275421
-2.5497289,2.6674087,-3.4911673
-0.30400613,3.6480737,-4.5698986
0.0588399,3.80498,-4.756225
0.34323275,3.9324665,-4.883712
1.4611908,4.2953124,-5.060231
2.294756,4.579705,-5.187718
2.432049,4.6189322,-5.207331
2.5301156,4.658159,-5.217138
2.9027684,5.0013914,-4.677772
3.216581,5.315204,-4.2070527
3.246001,5.3348174,-4.167826
3.7461402,5.6682434,-4.148213
4.118793,5.9134097,-4.148213
4.1874394,5.9526362,-4.148213
4.226666,5.982056,-4.148213
3.4029074,5.8447633,-3.216581
3.1969678,5.8153434,-2.9812214
3.167548,5.8153434,-2.941995
2.9616082,6.335096,-2.1672697
2.8733485,6.5998755,-1.7848103
2.8047018,6.796008,-1.5102241
2.7948952,6.8450418,-1.4317709
4.305119,9.51245,-0.9610517
4.5502853,9.963556,-0.88259846
4.7464185,10.296982,-0.8237586
3.4323275,10.787314,0.36284605
2.4516625,11.150161,1.2650578
2.294756,11.218807,1.4219642
2.1672697,11.258034,1.5298374
-1.2454445,13.72931,4.5208654
-1.8240368,14.141189,5.011198
-2.2457228,14.455002,5.3838506
-2.324176,14.504035,5.4524975
-3.3636808,16.308458,6.8058147
-3.6186538,16.759565,7.139241
-3.6873002,16.867437,7.227501
-5.2563643,14.494228,6.1389627
-5.521144,14.092155,5.962443
-5.7172766,13.797956,5.82515
-5.491724,11.601267,4.8052583
-5.3544307,10.532342,4.3149257
-5.2563643,9.7183895,3.9422731
-5.236751,9.522257,3.8442068
-4.658159,8.13952,3.550007
-4.373766,7.4432473,3.4029074
-4.1580195,6.9333014,3.2950344
-3.0694814,6.746975,2.7262487
-2.5399222,6.7077484,2.4516625
-2.1378496,6.668522,2.2457228
-2.0397832,6.6587152,2.1966896
-2.6183755,6.2860627,2.7360554
-3.0400615,6.00167,3.1479347
-3.1479347,5.9232163,3.2558076
0.38245934,5.9134097,3.2263877
3.049868,10.179302,3.216581
3.7069137,11.248227,3.2067745
3.8245933,11.4247465,3.2067745
2.8929617,10.267562,4.6875787
2.745862,10.081236,4.932745
2.6281822,9.934136,5.119071
4.167826,9.48303,4.9229383
4.9523582,9.277091,4.8052583
5.540757,9.110377,4.726805
5.6388235,9.090764,4.707192
9.139797,8.423912,0.049033247
10.012589,8.257199,-1.1081514
10.159689,8.227779,-1.3042845
8.796565,8.590625,-1.6867437
8.080679,8.786758,-1.8338435
7.5413136,8.924051,-1.93191
7.4138274,8.963278,-1.9613299
4.4129925,9.365351,0.088259846
2.1574628,9.669356,1.6377105
1.5984839,9.738003,2.0299766
1.372931,9.943943,1.7455837
1.1964113,10.0910425,1.539644
1.147378,10.130269,1.4906107
0.83356524,9.610517,1.2258313
0.5982056,9.218251,1.0296983
0.55897903,9.15941,1.0002782
0.5295591,9.110377,0.98066497
