-0.36284605,4.373766,6.1193495
-0.2353596,4.393379,6.923495
0.28439283,4.403186,7.6491866
0.42168593,4.403186,7.835513
0.44129923,4.403186,7.864933
0.26477954,4.4129925,7.5413136
0.12748645,4.422799,7.2961473
0.098066494,4.422799,7.247114
0.088259846,4.422799,7.2176943
0.2157463,4.305119,7.6001534
0.24516624,4.275699,7.6982203
0.24516624,4.2658925,7.708027
0.4511059,4.344346,7.5413136
0.5982056,4.403186,7.404021
0.6374322,4.422799,7.364794
0.6374322,4.422799,7.364794
0.7747253,4.256086,7.4628606
0.8041453,4.2070527,7.482474
0.8041453,4.2070527,7.4922805
1.93191,4.422799,7.5707335
2.1182363,4.452219,7.590347
2.2555294,4.481639,7.6001534
2.2849493,4.4914455,7.6001534
1.8828768,4.4424124,7.423634
1.7750036,4.4326057,7.3746004
1.7651969,4.4326057,7.3746004
1.735777,4.4129925,7.4628606
1.7259704,4.403186,7.5413136
1.7259704,4.393379,7.5511203
1.7259704,4.393379,7.560927
1.0983448,4.2168593,7.100014
0.93163174,4.177633,6.9823346
0.89240515,4.1580195,6.9529147
0.75511205,3.8245933,7.5118937
0.65704554,3.5696206,7.943386
0.6276256,3.500974,8.041452
0.5001391,3.7363336,7.75706
0.4118793,3.9030466,7.5413136
0.39226598,3.9520798,7.4922805
0.38245934,3.9520798,7.482474
-0.37265268,3.8834333,7.198081
-0.5001391,3.86382,7.1588545
-0.5982056,3.8540134,7.119628
-1.7651969,3.8834333,7.139241
-1.9613299,3.89324,7.149048
-2.1084297,3.89324,7.149048
-2.1378496,3.89324,7.149048
-3.7461402,3.0596747,7.3746004
-4.148213,2.853735,7.4334407
-4.2168593,2.824315,7.4432473
-3.5402005,2.853735,7.6295733
-3.1773546,2.883155,7.7178335
-2.912575,2.9027684,7.78648
-2.520309,2.912575,7.227501
-2.2555294,2.8635418,6.8058147
-2.1770763,2.8439283,6.688135
-0.40207264,3.3734875,6.541035
-0.098066494,3.638267,6.5116153
0.1176798,3.8344,6.5018086
0.32361946,3.8834333,6.550842
0.44129923,3.4029074,6.590069
0.46091253,3.3244543,6.590069
0.4707192,3.2656143,6.5998755
0.17651969,3.1969678,5.6976633
-0.0392266,3.1381278,5.0308113
-0.098066494,3.1185145,4.864098
-0.10787315,3.1185145,4.834678
0.40207264,3.4323275,5.933023
0.49033248,3.4911673,6.109543
0.55897903,3.5303938,6.2468357
0.5982056,3.6284604,6.5018086
0.5982056,3.638267,6.550842
0.60801226,3.6578803,6.580262
0.84337187,3.8540134,7.0117545
0.9610517,3.9618864,7.2176943
1.0493115,4.030533,7.384407
1.0591182,4.0501466,7.404021
1.1081514,3.6578803,8.188553
1.1179581,3.3636808,8.3846855
1.1179581,3.3146477,8.423912
0.84337187,3.0694814,7.8453197
0.71588546,2.9518015,7.5511203
0.60801226,2.8733485,7.335374
0.588399,2.853735,7.276534
0.57859236,2.490889,7.354987
0.57859236,2.2163029,7.4138274
0.57859236,2.1476562,7.423634
0.55897903,2.7948952,8.531785
0.5491724,3.275421,9.365351
0.5393657,3.3931007,9.57129
0.5393657,3.412714,9.60071
0.37265268,2.8635418,11.473781
0.34323275,2.775282,11.777786
0.32361946,2.7066352,12.013146
0.49033248,2.3634026,11.856239
0.5393657,2.2751427,11.817013
0.5393657,2.2555294,11.817013
0.5491724,2.2555294,11.807206
-0.24516624,1.5494506,10.934415
-0.44129923,1.372931,10.708861
-0.48052585,1.343511,10.679441
-0.088259846,1.5788707,9.296704
-0.02941995,1.6180972,9.061344
0.0196133,1.6475172,8.894631
0.2157463,1.9221034,8.512172
0.30400613,2.0593965,8.345459
0.37265268,2.1672697,8.208166
0.38245934,2.1770763,8.188553
-0.48052585,1.8436501,8.286619
-1.147378,1.5886773,8.355266
-1.3042845,1.5200307,8.374879
-1.3337044,1.5102241,8.3846855
-1.4513842,1.5004175,8.8652115
-1.4709975,1.5004175,8.953471
-1.4906107,1.5004175,9.012311
-1.3140911,1.6279038,8.825985
-1.1866046,1.7161638,8.698499
-1.1571847,1.735777,8.659272
-1.1571847,1.7455837,8.659272
-0.97085834,1.7848103,7.963
-0.93163174,1.8044236,7.7962866
-0.92182505,1.8044236,7.7668667
-1.0002782,1.9221034,7.806093
-1.0198916,1.9515233,7.8159
-1.0296983,1.9515233,7.8159
-0.5099458,2.1182363,7.58054
-0.2549729,2.1966896,7.472667
-0.06864655,2.2555294,7.384407
0.6374322,2.2163029,7.4628606
0.98066497,2.186883,7.502087
1.2356379,2.1770763,7.5413136
1.2846711,2.1672697,7.5413136
1.176798,2.2751427,7.247114
1.0787314,2.353596,7.031368
1.0689248,2.3732092,6.9921412
2.0593965,2.8733485,7.3746004
2.8145084,3.246001,7.678607
2.941995,3.3146477,7.72764
3.0400615,3.3538742,7.7668667
2.1378496,2.6772153,8.276813
1.9809432,2.5693421,8.355266
1.8730701,2.4810824,8.423912
1.8534569,2.4614692,8.433719
1.1081514,2.324176,8.453332
0.9904716,2.294756,8.463139
0.89240515,2.2849493,8.463139
0.5393657,2.5006957,8.571012
0.4511059,2.5497289,8.600431
0.44129923,2.5595355,8.610238
0.0784532,2.5497289,9.610517
-0.098066494,2.5497289,10.120462
-0.22555295,2.5399222,10.493115
0.049033247,3.2361944,10.8657675
0.19613299,3.5892339,11.012868
0.3138128,3.8442068,11.130548
0.3334261,3.89324,11.150161
0.2549729,3.9422731,11.091321
0.17651969,3.971693,11.032481
0.16671304,3.9815,11.022675
0.1569064,3.9815,11.012868
0.0588399,3.638267,10.1989155
0.049033247,3.5892339,10.061623
0.02941995,3.5402005,9.95375
0.16671304,3.5303938,9.041731
0.26477954,3.5205872,8.345459
0.28439283,3.5205872,8.178746
0.2941995,3.5205872,8.149326
-0.5099458,3.9520798,7.560927
-0.70607877,4.059953,7.4138274
-0.74530536,4.0795665,7.384407
0.26477954,3.9128532,6.9823346
0.44129923,3.8834333,6.913688
0.56878567,3.86382,6.864655
1.147378,3.8540134,6.433162
1.4219642,3.8442068,6.217416
1.6377105,3.8442068,6.0605097
1.6867437,3.8442068,6.021283
0.48052585,3.471554,5.82515
-0.4314926,3.1969678,5.6682434
-0.57859236,3.1479347,5.64863
-0.5491724,3.3931007,4.8935184
-0.49033248,3.5303938,4.530672
-0.44129923,3.638267,4.2462792
-0.4314926,3.6578803,4.177633
0.2353596,4.5404787,3.2558076
0.34323275,4.6875787,3.0989013
0.4314926,4.7954516,2.9812214
0.19613299,4.677772,4.0109196
0.0196133,4.589512,4.7954516
0.0,4.579705,4.9229383
-0.02941995,4.560092,5.0210047
-0.00980665,4.9131317,6.158576
0.0,4.9719715,6.354709
0.0,5.0210047,6.492002
0.19613299,5.423077,6.590069
0.2941995,5.6192102,6.6292953
0.37265268,5.76631,6.6587152
0.26477954,5.4132705,6.9921412
0.20593965,5.2269444,7.1588545
0.16671304,5.089651,7.2863407
0.1569064,5.060231,7.305954
-0.34323275,4.7758384,5.3348174
-0.71588546,4.560092,3.8442068
-0.8139519,4.511059,3.4813607
0.2549729,4.530672,4.834678
1.0591182,4.5502853,5.85457
1.1866046,4.560092,6.03109
